486 186 300 21
560 104 424 123
497 268 256 268
333 155 93 158
459 254 222 254
521 161 276 167
63 72 138 75
400 210 163 212
530 134 285 142
500 25 259 39
331 277 91 284
523 275 279 274
346 219 107 221
421 163 186 166
401 85 167 87
31 64 123 70
492 342 251 337
363 270 126 274
551 192 302 196
406 159 171 161
406 159 171 161
316 143 76 141
517 40 275 54
293 234 48 238
471 223 233 225
523 222 280 224
461 210 224 214
392 171 158 175
495 158 253 163
453 157 216 161
392 147 157 149
564 136 313 146
555 130 306 141
434 112 198 116
528 109 283 120
512 94 269 103
575 84 322 100
575 84 322 100
514 17 273 32
505 338 264 334
513 289 269 286
513 289 269 286
321 260 79 265
545 260 295 259
295 260 49 267
376 257 140 261
326 253 85 258
513 223 269 224
461 218 224 219
481 213 241 217
584 212 328 214
392 200 157 202
482 171 243 175
425 149 189 151
588 137 332 148
433 111 198 116
419 107 185 112
543 68 297 83
320 348 79 360
544 321 296 315
544 321 296 315
585 256 330 254
258 256 5 263
348 251 109 255
348 251 109 255
370 251 134 253
319 246 77 251
111 244 218 217
554 228 304 229
486 222 244 225
598 222 340 223
506 217 264 219
517 215 273 218
328 214 88 217
469 174 230 178
531 89 286 101
513 83 269 94
565 65 313 82
24 375 73 61
528 326 277 321
535 324 283 320
30 298 113 356
508 293 265 292
471 270 233 270
279 260 30 266
174 258 153 144
267 255 103 257
283 254 35 261
328 245 87 250
282 211 35 213
494 196 253 201
454 191 217 194
504 183 262 186
504 183 262 186
552 179 302 185
454 172 217 175
591 169 334 176
591 169 334 176
415 158 179 161
474 150 235 155
474 150 235 155
446 149 209 152
497 111 256 119
569 101 318 115
510 77 267 88
85 71 493 239
85 71 493 239
512 33 270 48
484 12 246 25
306 353 61 366
106 328 126 332
481 322 114 208
74 322 114 208
577 264 323 261
589 263 332 260
583 262 327 259
362 251 124 255
487 250 247 251
312 241 69 245
433 236 197 239
264 237 11 241
605 229 344 229
605 229 344 229
476 227 236 228
254 227 315 177
496 217 253 218
570 202 318 205
489 193 248 195
489 193 248 195
499 182 257 186
442 179 205 182
545 177 297 183
545 177 297 183
259 174 6 173
491 168 250 173
414 157 179 160
414 157 179 160
442 153 206 157
435 153 199 156
415 153 180 156
377 137 141 138
571 136 319 146
495 106 254 112
507 9 266 25
375 384 139 391
282 377 34 396
320 355 78 367
320 355 78 367
374 344 136 351
397 339 161 343
555 309 306 305
555 309 306 305
526 291 283 288
379 273 53 292
372 273 136 277
296 271 50 278
376 269 139 273
376 269 139 273
260 260 8 267
331 255 91 259
345 253 106 257
269 250 18 257
273 241 23 245
326 237 86 241
326 237 86 241
310 237 67 241
310 237 67 241
435 233 199 236
595 231 338 232
548 224 192 330
463 219 226 221
488 208 247 210
487 168 247 172
410 159 176 161
603 141 343 152
593 137 473 182
487 104 247 111
524 81 280 94
30 58 123 70
392 353 157 358
297 343 51 357
369 324 126 332
372 268 136 272
516 268 272 266
303 259 78 282
106 257 238 325
391 255 155 258
341 253 103 257
516 246 114 208
195 243 273 218
361 243 123 247
320 237 79 241
320 237 79 241
503 229 420 237
458 220 199 163
359 220 114 208
340 216 87 156
360 216 114 208
500 213 258 216
556 207 305 210
